Sxx_side=0.269192 

Syy_side=-0.206087 

Szz_side=0 

Sxx_top=0 

Syy_top=0 

Szz_top=0 

n_factor_side_100=1.38516 

n_factor_top_100=1 

n_factor_side_110=1.04765 

n_factor_top_110=1 

p_factor_side_1=1.02003 

p_factor_top_1=1 

p_factor_side_2=1.32992 

p_factor_top_2=1 

